1680114713
1680114715
1680114716
1680114730
1680114732
1680114734
1680114735
1680115139
1680115140
1680116213
1680116215
1680116216
1680116274
1680116276
1680116278
1680116948
1680116950
1680116951
1680116963
1680116964
1680117001
1680117004
1680117061
1680117121
1680117181
1680117183
1680117184
1680117241
1680117243
1680117245
1680123601
1680210001
1680210004
1680296401
1680296403
1680296405
1680527782
1680642001
1680728401
1680728404
1680814801
1680814804
1680814806
1680901201
1680987602
1680987606
1681074001
1681074004
1681074006
1681160401
1681160404
1681246801
1681333202
1681419601
1681419605
1681506001
1681506004
1681506006
1681765201
1681851601
1681851604
1681938001
1681938003
1681938005
1682024401
1682024404
1682024406
1682024408
1682110801
1682110804
1682110806
